(100,)
-0.3873646557331085
-0.4335808753967285
-0.4212263524532318
-0.19599604606628418
-0.49581584334373474
-0.40264639258384705
-0.46935778856277466
-0.3948984146118164
0.2943769693374634
-0.49427178502082825
-0.45144030451774597
0.021165750920772552
-0.4523571729660034
-0.4265832006931305
-0.45328614115715027
0.11505745351314545
-0.3754402995109558
-0.43350541591644287
-0.3849160075187683
-0.1316245198249817
-0.40864911675453186
-0.11844848841428757
-0.5080990791320801
-0.5157990455627441
-0.09237388521432877
-0.413159042596817
-0.4938689172267914
-0.4587811231613159
-0.3127732574939728
-0.11630789190530777
-0.3992326259613037
-0.4484770894050598
-0.4089919328689575
-0.4104395806789398
-0.5049645304679871
-0.473566472530365
-0.4341050982475281
0.06647948175668716
-0.489299476146698
-0.4456542730331421
-0.3083183169364929
-0.4134451448917389
-0.44867366552352905
-0.49858611822128296
-0.3912857472896576
-0.4163728356361389
-0.3922235667705536
-0.471609890460968
-0.5070704221725464
-0.44251206517219543
-0.09789718687534332
-0.5036721229553223
-0.1751643270254135
-0.48456305265426636
-0.17744779586791992
-0.22939975559711456
-0.34536975622177124
-0.5110207796096802
-0.46664243936538696
-0.29167503118515015
-0.3707604706287384
-0.455341100692749
-0.35518935322761536
-0.24241219460964203
-0.4107956886291504
-0.48844125866889954
-0.4269919991493225
-0.41679489612579346
-0.4283149242401123
-0.4957202672958374
-0.273793488740921
-0.48689061403274536
-0.4891253113746643
-0.38620132207870483
-0.448530375957489
-0.32077234983444214
-0.37525418400764465
-0.44931697845458984
-0.44374895095825195
-0.5071817636489868
-0.38360103964805603
-0.38434356451034546
0.006466638296842575
-0.5122639536857605
-0.4619150459766388
-0.4675080180168152
-0.42129281163215637
0.30051788687705994
-0.40736711025238037
-0.4807257056236267
-0.08882732689380646
0.10267641395330429
-0.4053260385990143
-0.514342188835144
-0.37171366810798645
-0.21092160046100616
-0.3120087683200836
-0.4422506093978882
1.2649720907211304
-0.4501838684082031