(100,)
1.121224045753479
1.140068531036377
1.1246694326400757
-1.2234104871749878
-1.2343096733093262
-1.2079135179519653
-1.2213795185089111
-1.1908996105194092
-1.1896865367889404
-1.1793969869613647
-1.2227240800857544
-1.1248550415039062
-1.1874269247055054
-1.2225923538208008
-1.2153466939926147
-1.1750892400741577
-1.1809580326080322
-1.1840388774871826
-1.1927154064178467
-1.1807925701141357
-1.1791141033172607
-1.1236332654953003
-1.1169674396514893
-1.2041226625442505
-1.2240221500396729
-1.1774471998214722
-1.192254662513733
-1.201705813407898
-1.1479690074920654
-1.1384973526000977
-1.2044304609298706
-1.1767780780792236
-1.2420904636383057
-1.1644227504730225
-1.1713711023330688
-1.1924046277999878
-1.1519399881362915
-1.1406768560409546
-1.164101243019104
-1.1989340782165527
-1.174308180809021
-1.1744085550308228
-1.1762975454330444
-1.202337622642517
-1.209844946861267
-1.2255667448043823
-1.1637181043624878
-1.2100287675857544
-1.1891100406646729
-1.181225061416626
-1.147342324256897
-1.2074347734451294
-1.184309959411621
-1.1735631227493286
-1.1638394594192505
-1.136885166168213
-1.2032679319381714
-1.160739541053772
-1.2053511142730713
-1.2103990316390991
-1.1625230312347412
-1.137221097946167
-1.1957772970199585
-1.2226914167404175
-1.2004526853561401
-1.2251170873641968
-1.2021838426589966
-1.2235004901885986
-1.1833279132843018
-1.1668490171432495
-1.2090922594070435
-1.1215060949325562
-1.2128913402557373
-1.1987988948822021
-1.2143537998199463
-1.2087539434432983
-1.146294116973877
-1.2093415260314941
-1.1332212686538696
-1.184117317199707
-1.193126916885376
-1.202265739440918
-1.1764616966247559
-1.1966960430145264
-1.2030035257339478
-1.1539711952209473
-1.235759973526001
-1.1925448179244995
-1.1533961296081543
-1.1922799348831177
-1.1698884963989258
-1.2052021026611328
-1.1892625093460083
-1.146093726158142
-1.1660406589508057
-1.1770509481430054
-1.1973938941955566
-1.1573842763900757
-1.1097979545593262
-1.1454037427902222